000000000011
111111111110
111111111111
000000000011
111111111100
000000000001
111111111111
000000000000
111111111100
000000000010
000000000101
000000000000
000000000000
000000000000
000000011001
111111111111
000010011111
111111111000
000011001100
111111111110
000010101111
111111111010
000011010011
000000000010
000010010101
000000001000
111110010000
000000000000
111101111011
111111111100
000001101111
000000000010
111111100010
000000000000
000000110101
111111111110
000100010100
111111111111
000001011101
000000000100
111110111110
111111111010
000000111101
111111111110
000000000001
000000000001
000000001101
000000000011
111110101011
000000000011
111101000001
111111111110
000001001010
111111111110
111111011111
111111111111
000000110010
111111111110
000011001100
000000000110
111101010101
000000000010
111100010101
111111111111
111101101101
000000000001
111100011110
111111111111
111101101011
111111111010
000000101101
111111111111
111111001010
111111111011
111111101000
000000000010
111111110000
111111111011
000001001110
111111111110
000010110010
000000000000
111110101101
000000000011
000000010110
111111111101
111111000101
000000000101
111011010001
111111111010
111110010100
111111111101
000000111000
111111111111
111110110011
111111111110
000001101001
111111111101
000011000110
000000000100
111110010101
111111110111
000010010010
111111111101
000011011000
000000000100
111110010000
111111111011
000000101011
000000000011
111110101101
000000000000
111011001000
111111111111
111100101100
000000000001
111101110001
111111111110
000001111111
111111111100
000100001101
000000000000
000001100001
000000000001
111101001011
000000000001
111101100101
000000000000
000001101001
000000000011
111101101001
111111111111
111100100011
111111111011
000011011000
000000000000
000010011010
000000000010
111110000100
111111111110
000000110111
000000000011
111110000111
000000000001
111100100111
111111111001
000011100101
000000000001
000100011110
000000000101
000011001101
111111111100
000100010010
000000000100
000100010110
111111111101
000010010100
000000000111
111101100110
000000000001
111011100101
111111111100
111110011100
000000000001
000000111110
000000000100
111101001010
000000000000
111100101000
111111111101
000011011000
111111111111
000100100001
000000000001
000011100110
111111111101
000010011101
000000000001
111101000111
000000000000
111011010101
111111111001
111100001101
111111111101
111101100100
111111111100
000000110100
000000000010
111111000010
000000000001
000010001101
000000000000
000011001111
111111111110
111011101010
111111111100
111010100010
111111111100
111110010001
111111111111
000011100000
000000000000
000010101101
000000000000
111110001110
000000000000
000000110000
111111111101
000000000101
000000000010
000011000011
000000000010
000110110101
000000000000
000010000110
000000000001
111110111011
000000000101
000100011000
111111111110
000011011111
000000000101
111011000010
111111111100
111001111011
111111111110
111110001010
111111111010
000100010011
000000000011
000010110111
111111111110
111110000011
111111111101
000000111001
000000000100
111111111110
000000000010
000011100101
000000000010
000111001000
000000000101
000001111110
000000000011
111011001101
111111110111
111001111100
111111111000
111010011110
111111111011
111101001100
000000000000
000100101010
000000000010
000110010010
000000000011
000101011000
000000000001
000010110101
000000000101
111011010111
000000000000
111001101010
111111110110
111110011000
111111111101
000100101100
111111111101
000010101001
000000000001
111010010101
111111111101
111101000010
111111111111
000001110100
111111111111
111110111001
000000000000
000000001010
111111111011
111111111110
111111111110
000011100101
000000000000
000111010000
000000000101
000101110000
000000000011
000010110011
000000000100
111111001010
000000000010
000100110001
000000000010
000111011000
111111111111
000001111011
000000000101
111011011000
111111111101
111101010011
000000000000
000001110011
111111111110
111011001010
000000000000
111100001100
111111111101
000001110100
000000000010
111010110010
111111111110
111000010001
111111110110
111010001100
111111111110
111100111110
111111111110
000100110001
000000000010
000110101111
000000000101
000101101001
000000000001
000110101010
000000000011
000110110000
000000000001
000010101101
111111111111
111111010000
111111111110
000101001100
111111111111
000011111111
000000000101
111010001110
111111111101
111101001110
111111111111
000001111100
000000000010
111010111111
111111111010
111100011111
111111111010
000101110000
000000000100
000010101101
000000000001
111110000010
111111111011
000101000011
000000000011
000111011100
000000000010
000101101100
000000000111
000011000110
000000000000
111111000010
000000000011
000000111110
000000000001
111100000111
111111111111
111000011110
111111111010
111010001011
111111111111
111101000110
111111111110
000000110000
000000001000
111110111010
111111111011
111111110101
000000000110
111011101101
111111111011
111100001001
000000000100
000001101100
000000000000
111011000010
000000000000
111100000100
111111111010
000101111001
000000000100
000010100110
000000000010
111010000011
111111111001
111101010001
000000000001
000101110111
111111111111
000010101001
111111111111
111010000100
111111111001
111101010100
111111111111
000110001110
000000000011
000110111001
000000000001
000010000000
000000000011
111010101110
111111110110
111101001001
000000000000
000010000100
000000000001
111110111110
000000000011
000000001001
000000000100
111011010000
111111111001
110111110001
111111111100
111101111110
111111111011
000000110110
111111111111
111010000111
111111111010
111100010000
111111111101
000001101000
000000000010
111010001100
111111110111
111100001111
000000000001
000010000001
000000000001
111110100000
000000000000
000000010010
000000000000
111111101101
111111111011
000000000100
000000000011
111111101100
000000000000
000000010001
000000000101
111011010001
111111111011
111100011011
000000000000
000110010001
000000000101
000111010011
000000000101
000110010110
000000001010
000010111100
000000000011
111010010111
111111111010
111101010011
111111111110
000110110011
000000000011
000010110001
000000000100
111110000100
111111111111
000001000100
000000000100
111010110011
111111111010
110111101011
111111111010
111110010110
000000000000
000101110001
000000001000
000111011111
000000001000
000110111100
000000001000
000111100110
000000000101
000111101001
000000001010
000111100101
000000000100
000010110010
000000000011
111010000010
111111110110
111000100011
111111110110
111110000010
111111111100
000000111001
000000000011
111001111101
111111111101
111100011000
111111111111
000110110000
000000000100
000010010101
000000000100
111000111011
111111111010
111000010111
111111111011
111000110001
000000000001
111100111001
111111111100
000000110110
111111111111
111001011100
111111111011
110111000110
111111110110
111000110111
111111111101
111100110100
111111111011
000001000001
000000000001
111110101100
111111111111
111111111110
000000000101
111010011111
111111111010
111100001001
111111111101
000001101110
000000000011
111001011011
111111111000
110111001010
111111111011
111001000000
111111110111
111100100110
111111111110
000000110000
111111111101
111001100010
111111111011
110111010010
111111110110
111101110110
111111111111
000000101110
111111111111
111001101100
111111111100
111100011101
111111111101
000001101000
000000000010
111001100011
111111110110
111100100101
111111111111
000111001000
000000000111
000010010111
000000000110
111110000101
111111111111
000001011000
000000000101
111111100101
000000000001
000101010001
000000001001
000011101010
000000000100
111000111010
111111111000
111101100010
111111111101
000111000100
000000001000
000010001110
000000000010
111001000101
111111110110
111000001010
111111110111
111000101101
111111111101
111100111111
111111111110
000001001110
000000000111
111110111000
111111111110
000101011000
000000001010
000011001001
000000000100
111000100111
111111110101
111000011011
111111111011
111110001101
000000000010
000110001100
000000000111
000111110111
000000001000
000010000110
000000001000
111110111011
111111111011
000001000010
111111111110
111010011011
111111111011
110111011001
111111111001
111001000010
111111111000
111100110111
111111111100
000000101100
000000000010
111001110111
111111111101
111100011111
000000000000
000111001010
000000000111
000111011011
000000001010
000010000011
111111111011
111111010110
000000000000
000110010001
000000000110
000011011101
000000000000
111110011010
111111111101
000110100000
000000000010
000011100110
000000000100
111101111101
111111111011
000001100001
000000000000
111111110000
111111111100
000101001101
000000000111
001000101101
000000001010
000001110100
000000000001
111001111011
111111111100
111000011110
111111111100
111110000111
111111111001
000110001001
000000001001
000010100100
111111111111
111101111111
111111111101
000000111101
000000000001
111010100110
111111111100
111100100110
111111111110
000111011000
000000001000
000111100101
000000000101
000001110101
000000000100
111001110100
111111111100
111101001101
111111111100
000001101111
000000000010
111001101000
111111111100
111100111101
000000000001
000111011110
000000000001
000111100000
000000001011
000001110100
000000000010
111001101111
111111111001
111101010001
000000000101
000001100111
111111111110
111001010010
111111110111
111101000010
111111111110
000111011011
000000001100
000111101111
000000001100
000111010100
000000000101
000010100001
000000001000
111001010100
111111110101
111101101001
111111111110
000001101101
111111111110
111001010000
111111111000
111101001011
000000000100
000111001101
000000000100
000010000101
111111111101
111110010100
000000000000
000001100011
000000000101
111111101001
000000000110
000110000010
000000001000
001000110011
000000001001
000001100000
000000000101
111001110000
111111111110
111101111000
111111111101
000111010110
000000000101
000111111011
000000001010
000111101100
000000000111
001000000110
000000001101
000010100001
000000000001
111111010001
111111111111
000110110110
000000001000
000011010000
000000000010
111110011011
000000000000
000111001001
000000001000
001000101001
000000000111
000111001101
000000001001
000010101110
111111111101
111001011011
111111111010
111101100101
111111111100
000010000001
000000000000
111110111110
000000000000
000110001101
000000001011
001000110010
000000001100
000111010000
000000001100
001000001011
000000001000
000010101001
111111111111
111111001110
111111111100
000111000110
000000000101
001000110100
000000001011
000111100111
000000001001
001000011101
000000001010
001000000011
000000000110
001000001001
000000001111
001000000001
000000001101
000010011000
111111111110
111001101000
111111111010
111110000101
000000000011
000111100000
000000001010
000111101001
000000001001
000001101101
111111111110
111001101010
111111110111
111101011011
111111111100
000001110011
000000000101
111110111100
111111111101
000110000010
000000001000
000011011011
000000000001
111110000000
111111111110
000001011101
111111111111
111111011101
000000000000
000000010111
111111111111
000000001011
000000000000
000101101111
000000001000
000011000010
000000000011
111000100110
111111111100
111000010011
111111111000
111110000011
111111111111
000000100001
111111111110
111001100000
111111110111
111100101010
111111111111
000001011111
000000000000
111000111100
111111110110
110111100100
111111110101
111110100010
111111111110
000110000110
000000000101
000010100111
000000000011
111110011001
000000000000
000110110111
000000001010
001000010001
000000001001
000001011111
000000000011
111001100000
111111110110
110111110101
111111111000
111000010111
111111110111
110111101011
111111110011
111000000110
111111110111
111101100011
111111111111
000110011111
000000001001
000111110000
000000001011
000111000110
000000000100
000010011001
000000000100
111001010010
111111110011
111000011011
111111111100
111110011000
111111111101
000110100011
000000000111
000111110001
000000000100
000001111001
000000000001
111110110111
111111111111
000000111010
000000000010
111001110000
111111110011
110111010111
111111110011
111000100100
111111111010
110111100100
111111110100
110111110000
111111110101
110111111110
111111111100
111101100001
000000000011
000110100010
000000000110
000111110100
000000001000
000111010110
000000000111
000111111110
000000001011
000010010011
000000000001
111111000001
000000000000
000001011010
111111111110
111111101111
111111111111
000110000010
000000001010
000010110001
111111111110
111000100001
111111110010
111000101001
111111110111
111110011101
111111111010
000110010010
000000001001
000010001111
111111111101
111110010001
000000000011
000000110110
000000000001
111001100101
111111110111
110111011010
111111111010
111000101111
111111111011
110111111000
111111111011
111101100101
111111111011
000001000000
000000000011
111110110100
111111111110
000110010010
000000001101
001000011010
000000001000
000110110100
000000001000
000010010011
000000000000
111001100111
111111110110
111110011000
111111111001
000110111101
000000001010
000001010110
000000000100
111001010110
111111110111
111110100011
111111111101
000110101011
000000001000
000001011110
111111111110
111001001000
111111111001
111000110111
111111111100
111110001000
111111111100
000000010111
000000000010
111001001101
111111110111
111000001010
111111111000
111110010110
000000000000
000000101011
111111111111
111110111001
000000000010
000000001011
000000000001
111001101111
111111110101
110111100111
111111110000
111000110000
111111110011
111000000100
111111111001
111101111010
111111111110
000011110100
000000000101
000000010001
111111111110
111111100001
000000000001
000000100010
111111111100
111111110011
111111111110
000000000100
000000000001
000000001000
111111111011
